00000000000000000000000000000001
00000000010000000000000000000010
00000000100000000000000000000011
01000000000000000000000000001110
00000000110000000000000000000000
00000001000000000000000001000000
00000001010000000000000011111111
01000000000000000000000000011100
00000000000000000000000000000100
01000000000000000000000000100001
01000000000000000000000000101001
01100000000000000000000000000000
10000100000000000000000000000100
10010010000000000000000000000000
10010010000000000000000000000001
10010010000000000000000000000010
10010010000000000000000000000011
10010010000000000000000000000100
10010010000000000000000000000101
10010010000000000000000000000110
10010010000000000000000000000111
00100000000000000000000001000000
00110000000000010000000000000000
01011000000000000000000000001110
10100000110110000000000000000000
00010000110000000000000000000000
00110000000111000000000000000000
01011000000000000000000000011100
01100000000000000000000000000000
10000100000000000000000000000100
10110110000000000000000000000000
01110010010000000000000000000000
00100000010010000000000001000000
00110000000000010000000000000000
01011000000000000000000000100001
11100000000000000000000000000000